Half Length uniform mean 0.6mm normal mean 2.6mm normal mean 0.6mm exponential mean 0.6mm exponential mean 0.6mm exponential mean 0.6mm squared exponential 18F squared exponential 15O squared exponential 82Rb
0.0 0.0 0.0 0.0 0.0 0.0 0.0 0.0 0.0 0.0
0.045454545454545456 0.03787878787878788 0.03020878419368768 0.04378963787945763 0.0583733831648954 0.03758699232988272 0.03711483873879613 0.03381475191707244 0.005168721387351708 0.0012177370538708906
0.09090909090909091 0.07575757575757576 0.06033108812445774 0.08745391687745212 0.11388955360480306 0.07333420713894523 0.0724130105466174 0.06648326885354215 0.010361046780101909 0.0027440557994641837
0.13636363636363635 0.11363636363636363 0.09028141966379191 0.1308689104789222 0.16670545164700507 0.10734269945636359 0.10599430103755857 0.09802571685157242 0.015575858478503212 0.004576691923065712
0.18181818181818182 0.15151515151515152 0.11997624247634123 0.1739135272208268 0.216968834167498 0.13970761090485337 0.1379526567012309 0.12846354249395514 0.020812041358828397 0.006712873475072486
0.2272727272727273 0.18939393939393942 0.1493349015390163 0.21647085229350005 0.26481883413074303 0.17051852991724675 0.16837654059443452 0.15781932817246883 0.02606848298774893 0.009149330812765519
0.2727272727272727 0.22727272727272727 0.17828048803782373 0.25842940126602537 0.31038648460108237 0.1998598295882796 0.19734926594897945 0.18611665609624692 0.031344073976072126 0.011882304469105947
0.3181818181818182 0.26515151515151514 0.2067406262704065 0.2996842607537012 0.35379521030844097 0.22781098391146942 0.22494930843611488 0.2133799746116907 0.03663770863166178 0.014907559685288212
0.36363636363636365 0.30303030303030304 0.23464816773300504 0.34013809454316235 0.3951612891607157 0.254446864601494 0.2512505992603377 0.2396344692177407 0.04194828602631196 0.018220399194154933
0.4090909090909091 0.34090909090909094 0.2619417803974357 0.3797019977884753 0.4345942823141114 0.2798380193299743 0.2763227999000824 0.2649059387936033 0.04727470970883581 0.021815678124854708
0.4545454545454546 0.37878787878787884 0.2885664243047631 0.4182961864157353 0.4721974421855334 0.3040509332358487 0.3002315603331013 0.2892206771666282 0.05261588835686504 0.025687820232296203
0.5 0.4166666666666667 0.3144737078937694 0.4558505136448349 0.5080680905035452 0.32714827155474563 0.32303875861801784 0.3126053603595805 0.05797073643955315 0.029830835928511726
0.5454545454545454 0.45454545454545453 0.33962212281745213 0.49230481037156404 0.5422979754318621 0.349189111918625 0.34480273027590885 0.33508693958970204 0.06333817424679186 0.03423834100230435
0.5909090909090909 0.4924242424242425 0.3639771582562452 0.5276090508722115 0.574973605783349 0.3702291580731941 0.36557847932308185 0.35669254089247243 0.06871712963054398 0.038903576691311136
0.6363636363636364 0.5285714285714286 0.3875112987980421 0.5605331400260041 0.6051899611905147 0.39032094156673885 0.3854178774263683 0.37744936824895303 0.07410653665904317 0.04381943063448259
0.6818181818181819 0.56 0.41020391272185114 0.5891385683892918 0.631436493688431 0.40951401217868705 0.40436985193959524 0.3973846178210432 0.07950533682720202 0.04897845883690874
0.7272727272727273 0.5875 0.432041039911302 0.6141683182081519 0.6544021891990871 0.4278551149798016 0.4224805607429747 0.4165253938298749 0.08491248041597751 0.054372908445449675
0.7727272727272727 0.611764705882353 0.4530150905741743 0.6362533915784963 0.6746660581618954 0.4453883574776442 0.43979355727214775 0.43489863242146987 0.09032692462328218 0.059994741128219314
0.8181818181818182 0.6333333333333334 0.4731244674147153 0.6558845679082913 0.6926783800621894 0.4621553659944529 0.4563499449653079 0.4525310319349484 0.0957476364936767 0.06583565722880703
0.8636363636363636 0.6526315789473685 0.4923731248793827 0.673449304624902 0.7087946712068127 0.4781954327858774 0.4721885225002799 0.4694489888362788 0.10117359186353496 0.07188712021208851
0.9090909090909092 0.6699999999999999 0.5107700795780266 0.6892575676702386 0.7232993326034723 0.4935456535691248 0.4873459196118917 0.48567853942396805 0.1066037760595569 0.07814038165355949
0.9545454545454546 0.6857142857142857 0.5283288859953807 0.7035602818544294 0.7364225979723312 0.5082410441114558 0.501856712212571 0.5012453077084961 0.1120371842876194 0.08458650641654221
1.0 0.7 0.5450670911930096 0.7165627492948633 0.7483528396332236 0.5223147139286304 0.5157535939088546 0.5161744585701034 0.1174728219911603 0.09121639799022212
1.0454545454545454 0.7130434782608696 0.5610056814140358 0.7284345673928669 0.7592456705563219 0.5357979036949356 0.5290674129414871 0.5304906565108096 0.12290970509820935 0.09802082386159554
1.0909090909090908 0.725 0.5761685324063691 0.7393170673162183 0.7692307664251123 0.5487201424320095 0.5418273273996973 0.5442180296505835 0.12834686072946105 0.10499044095482513
1.1363636363636365 0.736 0.5905818739449754 0.7493289672458547 0.7784170550140352 0.5611093360924659 0.5540608926920709 0.5573801382321535 0.13378332708638271 0.112115820243736
1.1818181818181819 0.7461538461538461 0.6042737775322718 0.758570721027188 0.7868967060237245 0.5729918617880285 0.5657941545910227 0.5699999364209317 0.1392181539087877 0.11938747364859764
1.2272727272727273 0.7555555555555555 0.6172736746589561 0.7673586878855072 0.7947729265989764 0.5843926569887902 0.5770517373115719 0.5820997984450829 0.14465040291381592 0.12679587574278295
1.2727272727272727 0.7642857142857142 0.6296119113819679 0.7756673061740048 0.8021024649335754 0.5953353029570355 0.5878569258970997 0.5937014297912468 0.1500791479397754 0.13433148972986061
1.3181818181818181 0.7724137931034483 0.6413193433814826 0.7834029163047619 0.808926517865865 0.6058421030468514 0.5982317435192062 0.6048259000283304 0.15550347519985616 0.14198479056667093
1.3636363636363638 0.78 0.6524269741457597 0.7906228190935444 0.8152956339360686 0.6159341564139182 0.608197024342499 0.6154936213558065 0.1609224839468145 0.14974628791046382
1.4090909090909092 0.7870967741935484 0.6629656375424432 0.7973769217024714 0.821253839292124 0.625631427365018 0.6177724818411389 0.6257243420079199 0.16633528612668586 0.15760654826386264
1.4545454545454546 0.79375 0.6729657247982151 0.8037088928983985 0.8268396568134772 0.6349528104655996 0.6269767732537274 0.6355371429284448 0.17174100703106632 0.16555621678150453
1.5 0.8 0.6824569548460212 0.8096571082643206 0.8320869399396418 0.6439161874275204 0.6358275556587325 0.6449504369022735 0.17713878540918201 0.17358603753556176
1.5454545454545454 0.8058823529411765 0.6914681861211072 0.8152554286087632 0.8370255593525426 0.6525385015146782 0.6443415594952587 0.6539819711552188 0.1825277737321325 0.1816868732757377
1.590909090909091 0.8114285714285714 0.7000272671957931 0.8205338449335634 0.8416819719418847 0.660835786829972 0.652534617449648 0.6626488316936187 0.18790713837241968 0.18984972432880903
1.6363636363636365 0.8166666666666667 0.7081609231327032 0.8255190159070217 0.8460796949429614 0.6688232355344997 0.6604217308413804 0.6709674500848953 0.19327605984017343 0.19806574628028537
1.6818181818181819 0.8216216216216217 0.715894674095397 0.8302347181792441 0.8502397031872515 0.6765152416602865 0.6680171128935227 0.6789536121196494 0.19863373292968498 0.20632626665931617
1.7272727272727273 0.8263157894736842 0.723252782567756 0.8347022255950626 0.854180763629236 0.6839254462333074 0.675334233277494 0.686622468254002 0.20397936692479748 0.2146228078583772
1.7727272727272727 0.8307692307692307 0.7302582254796492 0.8389406300665059 0.8579197184075517 0.691066779440157 0.6823858597557723 0.6939885454551056 0.20931218575766133 0.22294707295595623
1.8181818181818183 0.835 0.7369326875951453 0.8429671143144005 0.8614717254469723 0.6979515010330795 0.6891840980782269 0.7010657605957223 0.2146314281528641 0.23129100143612447
1.8636363636363638 0.8390243902439025 0.7432965726691526 0.8467971846965651 0.864850463850342 0.7045912616326726 0.695740452514764 0.7078674307291297 0.21993634780812762 0.23964675355653542
1.9090909090909092 0.8428571428571429 0.7493690290975746 0.8504448707748361 0.8680683099488062 0.7109970409517093 0.7020657648551543 0.7144063040697304 0.22522621346713176 0.24800672826796685
1.9545454545454546 0.8465116279069768 0.7551679870549259 0.8539228970355305 0.8711364887868921 0.7171793261521022 0.7081703905255465 0.7206945529803839 0.2305003090779902 0.2563635730524095
2.0 0.85 0.7607102044138191 0.8572428311934819 0.8740652049505335 0.7231480471931324 0.7140641347488259 0.7267438059299893 0.23575793389068622 0.2647101927220752
2.0454545454545454 0.8533333333333333 0.7660113190570315 0.8604152127222054 0.8768637559513591 0.7289126300471034 0.7197563050917947 0.732565160923911 0.24099840255174246 0.27303975684912074
2.090909090909091 0.8565217391304347 0.771085905511787 0.8634496646192585 0.8795406308217257 0.7344820244734539 0.7252557388906671 0.7381692031455356 0.24622104519236368 0.28134570632829087
2.1363636363636362 0.8595744680851064 0.775947534146728 0.8663549909036832 0.8821035961231511 0.739864730107754 0.730570829010992 0.7435660227018454 0.2514252075004562 0.28962175858378114
2.1818181818181817 0.8625 0.7806088314666576 0.8691392619262679 0.8845597712036938 0.7450688211524271 0.7357095482309258 0.7487652326581811 0.2566102507837885 0.2978619117869039
2.2272727272727275 0.8653061224489796 0.7850815403125861 0.8718098892336553 0.8869156942401416 0.7501019696009517 0.7406794721712295 0.7537759868162432 0.2617755520225223 0.3060604479802184
2.272727272727273 0.868 0.789376579021115 0.8743736914487567 0.8891773803551397 0.7549714668541697 0.7454878006402147 0.7586070200459218 0.2669205039102813 0.31421193466384356
2.3181818181818183 0.8705882352941177 0.7935040988156776 0.8768369524005293 0.8913503728970085 0.759684244721786 0.7501413783517361 0.7632665782050992 0.2720445148925105 0.3223112278489766
2.3636363636363638 0.8730769230769231 0.7974735388920257 0.8792054725464724 0.8934397888026584 0.7642468945042998 0.7546467138876252 0.7677625662743717 0.27714700914095025 0.3303534692426124
2.409090909090909 0.8754716981132076 0.8012936788221912 0.8814846145737083 0.8954503588250828 0.7686656855016399 0.7590099976893163 0.7721024784133935 0.2822274266718295 0.3383340873830981
2.4545454545454546 0.8777777777777778 0.804972688036369 0.8836793439332755 0.8973864632911271 0.772946583721302 0.763237120886115 0.7762934381645211 0.28728522322171884 0.34624879546543325
2.5 0.88 0.8085181722528348 0.8857942649525015 0.899252163958412 0.7770952620726155 0.7673336851051434 0.7803422137594458 0.2923198703116666 0.35409359067197643
2.5454545454545454 0.8821428571428571 0.8119372168145141 0.8878336530781894 0.9010512324590134 0.78111712479813 0.7713050267112224 0.7842552346463979 0.29733085519564717 0.36186474359585313
2.590909090909091 0.8842105263157894 0.8152364269598164 0.8898014837257885 0.902787175749072 0.7850173159613291 0.7751562251464316 0.788038607248948 0.3023176808556772 0.36955880503277655
2.6363636363636362 0.8862068965517241 0.8184219395080761 0.8917014581441652 0.904463258925685 0.7887952556835283 0.7788921179116624 0.7916981302551402 0.30727986593822243 0.3771725941321313
2.681818181818182 0.888135593220339 0.8214994703322145 0.8935370266500595 0.9060825257234341 0.7924454800958161 0.7825173132905067 0.795239309449311 0.3122169447460387 0.38470319481081544
2.7272727272727275 0.89 0.824474416795556 0.895311409539095 0.9076478169612621 0.7959740291986355 0.7860362023425249 0.7986673719671465 0.3171284671286284 0.3921479413718311
2.772727272727273 0.8918032786885246 0.8273518240305983 0.8970276159399696 0.9091617871749026 0.7993868880109825 0.7894529702926439 0.801987280167922 0.3220139984513269 0.3995044522319081
2.8181818181818183 0.8935483870967742 0.8301364116774196 0.8986884608440459 0.9106269196397196 0.8026896553534687 0.7927716072253843 0.8052037448605798 0.3268731195146316 0.4067705407522049
2.8636363636363638 0.8952380952380953 0.8328325997164119 0.9002965805130757 0.9120455399627996 0.8058875747641986 0.7959959181728108 0.8083212381435958 0.3317054264735101 0.41394430522037845
2.909090909090909 0.896875 0.8354445318791913 0.9018544464424518 0.9134198284007864 0.8089855538641664 0.7991295326950879 0.8113440053855997 0.33651053073171305 0.42102404880682026
2.9545454545454546 0.8984615384615384 0.837976096898506 0.9033643780355426 0.914751831040684 0.8119882151126612 0.8021759140763496 0.814276077320328 0.3412880588688545 0.4280083039129822
3.0 0.9 0.8404309478263314 0.9048285541258155 0.9160434699642239 0.8148998838131999 0.8051383670495411 0.8171212810249089 0.34603765251764795 0.4348958166234905
3.0454545454545454 0.9014925373134328 0.8428125196219878 0.9062490234671281 0.9172965525019892 0.8177245853753397 0.8080200546703555 0.8198832505952042 0.3507589682549554 0.44168553942565736
3.090909090909091 0.9029411764705882 0.8451240451883647 0.9076277142984046 0.9185127796709988 0.8204662599411195 0.8108239669484748 0.8225654374906608 0.3554516774814617 0.44837662157663405
3.1363636363636362 0.9043478260869565 0.8473685700136913 0.9089664430766031 0.9196937538785901 0.8231284724064374 0.8135530049657631 0.8251711201608447 0.3601154662944283 0.45496840139194383
3.181818181818182 0.9057142857142857 0.8495489655582987 0.9102669224611414 0.9208409859659666 0.8257146229456166 0.8162099190478309 0.8277034133372713 0.36475003535376116 0.4614603960709466
3.2272727272727275 0.9070422535211268 0.8516679415101038 0.9115307686235823 0.9219559016565179 0.8282279192254838 0.8187973202185386 0.8301652783590373 0.36935509974163655 0.46785229364694314
3.272727272727273 0.9083333333333333 0.8537280570188068 0.9127595079481795 0.9230398474667777 0.8306714436321259 0.8213177287451785 0.8325595253203737 0.37393038881592155 0.47414394387782016
3.3181818181818183 0.9095890410958904 0.855731731006727 0.9139545831816942 0.9240940961315529 0.8330479801271917 0.8237735466260993 0.8348888302981372 0.3784756460576367 0.4803353493212437
3.3636363636363638 0.9108108108108108 0.8576812516436255 0.9151173590845751 0.9251198515891736 0.8353602824497334 0.8261670712939964 0.8371557366937878 0.382990628922931 0.48642665656429346
3.409090909090909 0.912 0.8595787850635429 0.9162491276300476 0.926118253567926 0.8376109122217672 0.828500500243211 0.8393626638803794 0.3874751086387033 0.49241814743349965
3.4545454545454546 0.9131578947368422 0.8614263833934653 0.9173511127927464 0.9270903818103969 0.8398023262147005 0.8307759373586037 0.8415119139230697 0.3919288700941984 0.4983102304163416
3.5 0.9142857142857143 0.8632259921563799 0.9184244749642079 0.9280372599686495 0.8419367749183689 0.8329953969321583 0.8436056779944101 0.3963517116470351 0.5041034321780998
3.5454545454545454 0.9153846153846154 0.864979457104863 0.9194703150287102 0.9289598591997685 0.8440165391892265 0.8351608045040936 0.8456460423646698 0.4007434448770282 0.5097983892852922
3.590909090909091 0.9164556962025316 0.8666885305356654 0.920489678129556 0.929859101488329 0.8460436529183942 0.8372740103251254 0.8476349941270528 0.4051038945125856 0.5153958400914913
3.6363636363636367 0.9175 0.8683548771307005 0.9214835571528818 0.9307358627196766 0.8480200869612382 0.8393367820626226 0.84957442654212 0.40943289817835626 0.5208966168481114
3.681818181818182 0.9185185185185185 0.8699800793653663 0.9224528959534108 0.9315909755255601 0.8499477658073373 0.8413508143161991 0.8514661441369796 0.4137303062141325 0.5263016380441607
3.7272727272727275 0.9195121951219513 0.87156564252114 0.9233985923441722 0.9324252319215453 0.8518283397774562 0.8433177325010993 0.8533118674941708 0.4179959814818635 0.531611900981595
3.772727272727273 0.9204819277108434 0.8731129993358129 0.9243215008700971 0.9332393857537725 0.853663643105886 0.8452390947685242 0.8551132377800518 0.42222979916684333 0.5368284746222229
3.8181818181818183 0.9214285714285715 0.8746235143215669 0.925222435383501 0.9340341549709479 0.8554552484130464 0.8471163954489911 0.8568718209799694 0.426431646575587 0.5419524926572167
3.8636363636363638 0.9223529411764706 0.8760984877782458 0.9261021714377674 0.9348102237359555 0.8572046983695305 0.8489510682644046 0.858589111962958 0.4306014229306263 0.5469851469198987
3.909090909090909 0.9232558139534883 0.877539159526632 0.9269614485140283 0.9355682443901496 0.8589134814153339 0.8507444888681424 0.8602665384715963 0.4347390391624564 0.551927681012517
3.9545454545454546 0.9241379310344827 0.8789467123842521 0.9278009720942845 0.9363088392821795 0.8605830016266578 0.8524979777412645 0.8619054637953258 0.438844417698862 0.5567813842628357
4.0 0.925 0.8803222754042009 0.928621415593172 0.9370326024721185 0.8622145434069022 0.8542128026959009 0.8635071914926059 0.4429174917601166 0.5615475858971605
4.045454545454546 0.9258426966292135 0.8816669268956129 0.9294234221595012 0.9377401013207114 0.8638094149082985 0.8558901812234825 0.8650729674459599 0.4469582070994134 0.566227649625608
4.090909090909091 0.9266666666666666 0.8829816972427726 0.9302076063576906 0.9384318779726697 0.8653688508247411 0.8575312831533488 0.8666039839453294 0.4509665188688803 0.5708229684004604
4.136363636363637 0.9274725274725275 0.8842675715383483 0.9309745557383383 0.9391084507421681 0.8668940135645841 0.8591372323005076 0.8681013812395202 0.454942393334091 0.5753349595114169
4.181818181818182 0.9282608695652174 0.8855254920448905 0.9317248323063639 0.9397703154079824 0.8683860223205561 0.860709108902435 0.8695662509960633 0.45888580717085636 0.5797650599598422
4.2272727272727275 0.9290322580645162 0.8867563604975303 0.9324589738944328 0.9404179464250703 0.8698459452202115 0.862247951502453 0.8709996477358763 0.46279674725187453 0.5841147220853808
4.2727272727272725 0.9297872340425531 0.8879610402596894 0.9331774954487138 0.9410517980588164 0.8712747940387265 0.8637547588248357 0.8724025549697451 0.4666752104112374 0.5883854096006497
4.318181818181818 0.9305263157894736 0.8891403583426462 0.9338808902334315 0.9416723054476422 0.8726735659422845 0.8652304915437896 0.8737759414487402 0.47052120322895985 0.5925785936324818
4.363636363636363 0.93125 0.8902951072988761 0.934569630960135 0.9422798855992014 0.8740431676712573 0.86667607399539 0.8751207274640272 0.4743347418043686 0.5966957492886947
4.409090909090909 0.931958762886598 0.8914260469982774 0.9352441708471134 0.942874938324956 0.8753845619869927 0.8680923959907338 0.8764377956370663 0.47811585153104297 0.6007383523505154
4.454545454545455 0.9326530612244898 0.8925339062956514 0.9359049446139499 0.9434578471175322 0.8766985592490489 0.8694803134718836 0.8777279923593513 0.48186456687141904 0.6047078762392375
4.5 0.9333333333333333 0.8936193845971193 0.9365523694158003 0.9440289799749054 0.87798605727859 0.8708406512776774 0.8789921317171718 0.4855809311312409 0.6086057892227799
