0
PET-CT_ABD_31MIN
101433.531
111423.0
114423.000013
122027.0
1830000.0

1823086.789226165

1
PET-CT_ABD_21MIN
101433.531
111423.0
113423.000008
121303.0
1230000.0

1215391.1928174433

2
PET-CT_ABD_15MIN
101433.531
111423.0
112822.99999
120838.0
870000.0

850773.8349722102

3
PET-CT_ABD_35MIN
101433.531
111423.0
114822.999999
122335.0
2070000.0

2066165.0277896537

4
PET-CT_ABD_40MIN
101433.531
111423.0
115321.999986
122711.0
2369000.0

2369000.0

5
PET-CT_ABD_11MIN
101433.531
111423.0
112423.000004
120610.0
630000.0

607695.5964087216

6
PET-CT_ABD_25MIN
101433.531
111423.0
113822.999994
121644.0
1470000.0

1458469.431380932

7
PET-CT_ABD_34MIN
101433.531
111423.0
114723.000002
122258.0
2010000.0

2005395.4681487817

8
PET-CT_ABD_10MIN
101433.531
111423.0
112323.000008
120533.0
570000.0

546926.0367678495

9
PET-CT_ABD_24MIN
101433.531
111423.0
113722.999998
121607.0
1410000.0

1397699.8717400597

10
PET-CT_ABD_30MIN
101433.531
111423.0
114323.000017
121950.0
1770000.0

1762317.229585293

11
PET-CT_ABD_20MIN
101433.531
111423.0
113323.000012
121226.0
1170000.0

1154621.6331765712

12
PET-CT_ABD_14MIN
101433.531
111423.0
112722.999993
120801.0
810000.0

790004.2753313383

13
PET-CT_ABD_1MIN
101433.0
111423.0
111423.0
115539.0
30000.0

0.0

14
PET-CT_ABD_5MIN
101433.0
111423.0
111822.999985
115808.0
270000.0

243078.23856348867

15
PET-CT_ABD_4MIN
101433.0
111423.0
111722.999989
115731.0
210000.0

182308.6789226165

16
PET-CT_ABD_7MIN
101433.0
111423.0
112023.000018
115922.0
390000.0

364617.357845233

17
PET-CT_ABD_19MIN
101433.531
111423.0
113223.000016
121149.0
1110000.0

1093852.073535699

18
PET-CT_ABD_39MIN
101433.531
111423.0
115222.999984
122604.0
2310000.0

2309243.2663531424

19
PET-CT_ABD_3MIN
101433.0
111423.0
111622.999992
115653.0
150000.0

121539.11928174434

20
PET-CT_ABD_29MIN
101433.531
111423.0
114222.99998
121913.0
1710000.0

1701547.6699444205

21
PET-CT_ABD_38MIN
101433.531
111423.0
115122.999988
122527.0
2250000.0

2248473.70671227

22
PET-CT_ABD_2MIN
101433.0
111423.0
111522.999996
115617.0
90000.0

60769.55964087217

23
PET-CT_ABD_28MIN
101433.531
111423.0
114122.999983
121836.0
1650000.0

1640778.1103035484

24
PET-CT_ABD_6MIN
101433.0
111423.0
111922.999982
115845.0
330000.0

303847.7982043608

25
PET-CT_ABD_18MIN
101433.531
111423.0
113123.000019
121112.0
1050000.0

1033082.5138948269

26
PET-CT_ABD_37MIN
101433.531
111423.0
115022.999991
122449.0
2190000.0

2187704.147071398

27
PET-CT_ABD_13MIN
101433.531
111423.0
112622.999997
120724.0
750000.0

729234.715690466

28
PET-CT_ABD_27MIN
101433.531
111423.0
114022.999987
121758.0
1590000.0

1580008.5506626766

29
PET-CT_ABD_33MIN
101433.531
111423.0
114623.000006
122221.0
1950000.0

1944625.9085079094

30
PET-CT_ABD_23MIN
101433.531
111423.0
113623.000001
121418.0
1350000.0

1336930.3120991876

31
PET-CT_ABD_17MIN
101433.531
111423.0
113022.999983
121034.0
990000.0

972312.9542539547

32
PET-CT_ABD_9MIN
101433.531
111423.0
112223.000011
120455.0
510000.0

486156.47712697735

33
PET-CT_ABD_32MIN
101433.531
111423.0
114523.000009
122144.0
1890000.0

1883856.3488670373

34
PET-CT_ABD_22MIN
101433.531
111423.0
113523.000005
121341.0
1290000.0

1276160.7524583153

35
PET-CT_ABD_16MIN
101433.531
111423.0
112922.999986
120957.0
930000.0

911543.3946130825

36
PET-CT_ABD_8MIN
101433.0
111423.0
112123.000015
120206.0
450000.0

425386.9174861051

37
PET-CT_ABD_36MIN
101433.531
111423.0
114922.999995
122412.0
2130000.0

2126934.587430526

38
PET-CT_ABD_12MIN
101433.531
111423.0
112523.0
120647.0
690000.0

668465.1560495938

39
PET-CT_ABD_26MIN
101433.531
111423.0
113922.999991
121721.0
1530000.0

1519238.991021804

