0
PET-CT_ABD_01_MIN
101433.0
111423.0
111423.0
115539.0
81.0
30000.0

0.0

1
PET-CT_ABD_02_MIN
101433.0
111423.0
111522.999996
115617.0
91.0
90000.0

1.0

2
PET-CT_ABD_03_MIN
101433.0
111423.0
111622.999992
115653.0
45.0
150000.0

2.0

3
PET-CT_ABD_04_MIN
101433.0
111423.0
111722.999989
115731.0
89.0
210000.0

3.0

4
PET-CT_ABD_05_MIN
101433.0
111423.0
111822.999985
115808.0
10.0
270000.0

4.0

5
PET-CT_ABD_06_MIN
101433.0
111423.0
111922.999982
115845.0
61.0
330000.0

5.0

6
PET-CT_ABD_07_MIN
101433.0
111423.0
112023.000018
115922.0
28.0
390000.0

6.0

7
PET-CT_ABD_08_MIN
101433.0
111423.0
112123.000015
120206.0
24.0
450000.0

7.0

8
PET-CT_ABD_09_MIN
101433.531
111423.0
112223.000011
120455.0
8.0
510000.0

8.0

9
PET-CT_ABD_10_MIN
101433.531
111423.0
112323.000008
120533.0
96.0
570000.0

9.0

10
PET-CT_ABD_11_MIN
101433.531
111423.0
112423.000004
120610.0
92.0
630000.0

10.0

11
PET-CT_ABD_12_MIN
101433.531
111423.0
112523.0
120647.0
25.0
690000.0

11.0

12
PET-CT_ABD_13_MIN
101433.531
111423.0
112622.999997
120724.0
84.0
750000.0

12.0

13
PET-CT_ABD_14_MIN
101433.531
111423.0
112722.999993
120801.0
13.0
810000.0

13.0

14
PET-CT_ABD_15_MIN
101433.531
111423.0
112822.99999
120838.0
105.0
870000.0

14.0

15
PET-CT_ABD_16_MIN
101433.531
111423.0
112922.999986
120957.0
5.0
930000.0

15.0

16
PET-CT_ABD_17_MIN
101433.531
111423.0
113022.999983
121034.0
69.0
990000.0

16.0

17
PET-CT_ABD_18_MIN
101433.531
111423.0
113123.000019
121112.0
98.0
1050000.0

17.0

18
PET-CT_ABD_19_MIN
101433.531
111423.0
113223.000016
121149.0
1.0
1110000.0

18.0

19
PET-CT_ABD_20_MIN
101433.531
111423.0
113323.000012
121226.0
90.0
1170000.0

19.0

20
PET-CT_ABD_21_MIN
101433.531
111423.0
113423.000008
121303.0
100.0
1230000.0

20.0

21
PET-CT_ABD_22_MIN
101433.531
111423.0
113523.000005
121341.0
41.0
1290000.0

21.0

22
PET-CT_ABD_23_MIN
101433.531
111423.0
113623.000001
121418.0
90.0
1350000.0

22.0

23
PET-CT_ABD_24_MIN
101433.531
111423.0
113722.999998
121607.0
60.0
1410000.0

23.0

24
PET-CT_ABD_25_MIN
101433.531
111423.0
113822.999994
121644.0
69.0
1470000.0

24.0

25
PET-CT_ABD_26_MIN
101433.531
111423.0
113922.999991
121721.0
25.0
1530000.0

25.0

26
PET-CT_ABD_27_MIN
101433.531
111423.0
114022.999987
121758.0
25.0
1590000.0

26.0

27
PET-CT_ABD_28_MIN
101433.531
111423.0
114122.999983
121836.0
66.0
1650000.0

27.0

28
PET-CT_ABD_29_MIN
101433.531
111423.0
114222.99998
121913.0
3.0
1710000.0

28.0

29
PET-CT_ABD_30_MIN
101433.531
111423.0
114323.000017
121950.0
48.0
1770000.0

29.0

30
PET-CT_ABD_31_MIN
101433.531
111423.0
114423.000013
122027.0
109.0
1830000.0

30.0

31
PET-CT_ABD_32_MIN
101433.531
111423.0
114523.000009
122144.0
63.0
1890000.0

31.0

32
PET-CT_ABD_33_MIN
101433.531
111423.0
114623.000006
122221.0
87.0
1950000.0

32.0

33
PET-CT_ABD_34_MIN
101433.531
111423.0
114723.000002
122258.0
28.0
2010000.0

33.0

34
PET-CT_ABD_35_MIN
101433.531
111423.0
114822.999999
122335.0
84.0
2070000.0

34.0

35
PET-CT_ABD_36_MIN
101433.531
111423.0
114922.999995
122412.0
100.0
2130000.0

35.0

36
PET-CT_ABD_37_MIN
101433.531
111423.0
115022.999991
122449.0
5.0
2190000.0

36.0

37
PET-CT_ABD_38_MIN
101433.531
111423.0
115122.999988
122527.0
41.0
2250000.0

37.0

38
PET-CT_ABD_39_MIN
101433.531
111423.0
115222.999984
122604.0
11.0
2310000.0

38.0

39
PET-CT_ABD_40_MIN
101433.531
111423.0
115321.999986
122711.0
65.0
2369000.0

38.983333333333334

