1   30000
2   30000
3   30000
4   30000
5   30000
6   30000
7   30000
8   30000
9   30000
10   30000
11   30000
12   30000
13   30000
14   30000
15   30000
16   30000
17   30000
18   30000
19   30000
20   30000
21   30000
22   30000
23   30000
24   30000
25   30000
26   30000
27   30000
28   30000
29   30000
30   30000
31   30000
32   30000
33   30000
34   30000
35   30000
36   30000
37   30000
38   30000
39   30000
40   30000
41   30000
42   30000
43   30000
44   30000
45   30000
46   30000
47   30000
48   30000
49   30000
50   30000
51   30000
52   30000
53   30000
54   30000
55   30000
56   30000
57   30000
58   30000
59   30000
60   30000
61   30000
62   30000
63   30000
64   30000
65   30000
66   30000
67   30000
68   30000
69   30000
70   30000
71   30000
72   30000
73   30000
74   30000
75   30000
76   30000
77   30000
78   30000
79   30000
80   30000
81   30000
82   30000
83   30000
84   30000
85   30000
86   30000
87   30000
88   30000
89   30000
90   30000
91   30000
92   30000
93   30000
94   30000
95   30000
96   30000
97   30000
98   30000
99   30000
100   30000
101   30000
102   30000
103   30000
104   30000
105   30000
106   30000
107   30000
108   30000
109   30000
1   90000
2   90000
3   90000
4   90000
5   90000
6   90000
7   90000
8   90000
9   90000
10   90000
11   90000
12   90000
13   90000
14   90000
15   90000
16   90000
17   90000
18   90000
19   90000
20   90000
21   90000
22   90000
23   90000
24   90000
25   90000
26   90000
27   90000
28   90000
29   90000
30   90000
31   90000
32   90000
33   90000
34   90000
35   90000
36   90000
37   90000
38   90000
39   90000
40   90000
41   90000
42   90000
43   90000
44   90000
45   90000
46   90000
47   90000
48   90000
49   90000
50   90000
51   90000
52   90000
53   90000
54   90000
55   90000
56   90000
57   90000
58   90000
59   90000
60   90000
61   90000
62   90000
63   90000
64   90000
65   90000
66   90000
67   90000
68   90000
69   90000
70   90000
71   90000
72   90000
73   90000
74   90000
75   90000
76   90000
77   90000
78   90000
79   90000
80   90000
81   90000
82   90000
83   90000
84   90000
85   90000
86   90000
87   90000
88   90000
89   90000
90   90000
91   90000
92   90000
93   90000
94   90000
95   90000
96   90000
97   90000
98   90000
99   90000
100   90000
101   90000
102   90000
103   90000
104   90000
105   90000
106   90000
107   90000
108   90000
109   90000
1   150000
2   150000
3   150000
4   150000
5   150000
6   150000
7   150000
8   150000
9   150000
10   150000
11   150000
12   150000
13   150000
14   150000
15   150000
16   150000
17   150000
18   150000
19   150000
20   150000
21   150000
22   150000
23   150000
24   150000
25   150000
26   150000
27   150000
28   150000
29   150000
30   150000
31   150000
32   150000
33   150000
34   150000
35   150000
36   150000
37   150000
38   150000
39   150000
40   150000
41   150000
42   150000
43   150000
44   150000
45   150000
46   150000
47   150000
48   150000
49   150000
50   150000
51   150000
52   150000
53   150000
54   150000
55   150000
56   150000
57   150000
58   150000
59   150000
60   150000
61   150000
62   150000
63   150000
64   150000
65   150000
66   150000
67   150000
68   150000
69   150000
70   150000
71   150000
72   150000
73   150000
74   150000
75   150000
76   150000
77   150000
78   150000
79   150000
80   150000
81   150000
82   150000
83   150000
84   150000
85   150000
86   150000
87   150000
88   150000
89   150000
90   150000
91   150000
92   150000
93   150000
94   150000
95   150000
96   150000
97   150000
98   150000
99   150000
100   150000
101   150000
102   150000
103   150000
104   150000
105   150000
106   150000
107   150000
108   150000
109   150000
1   210000
2   210000
3   210000
4   210000
5   210000
6   210000
7   210000
8   210000
9   210000
10   210000
11   210000
12   210000
13   210000
14   210000
15   210000
16   210000
17   210000
18   210000
19   210000
20   210000
21   210000
22   210000
23   210000
24   210000
25   210000
26   210000
27   210000
28   210000
29   210000
30   210000
31   210000
32   210000
33   210000
34   210000
35   210000
36   210000
37   210000
38   210000
39   210000
40   210000
41   210000
42   210000
43   210000
44   210000
45   210000
46   210000
47   210000
48   210000
49   210000
50   210000
51   210000
52   210000
53   210000
54   210000
55   210000
56   210000
57   210000
58   210000
59   210000
60   210000
61   210000
62   210000
63   210000
64   210000
65   210000
66   210000
67   210000
68   210000
69   210000
70   210000
71   210000
72   210000
73   210000
74   210000
75   210000
76   210000
77   210000
78   210000
79   210000
80   210000
81   210000
82   210000
83   210000
84   210000
85   210000
86   210000
87   210000
88   210000
89   210000
90   210000
91   210000
92   210000
93   210000
94   210000
95   210000
96   210000
97   210000
98   210000
99   210000
100   210000
101   210000
102   210000
103   210000
104   210000
105   210000
106   210000
107   210000
108   210000
109   210000
1   270000
2   270000
3   270000
4   270000
5   270000
6   270000
7   270000
8   270000
9   270000
10   270000
11   270000
12   270000
13   270000
14   270000
15   270000
16   270000
17   270000
18   270000
19   270000
20   270000
21   270000
22   270000
23   270000
24   270000
25   270000
26   270000
27   270000
28   270000
29   270000
30   270000
31   270000
32   270000
33   270000
34   270000
35   270000
36   270000
37   270000
38   270000
39   270000
40   270000
41   270000
42   270000
43   270000
44   270000
45   270000
46   270000
47   270000
48   270000
49   270000
50   270000
51   270000
52   270000
53   270000
54   270000
55   270000
56   270000
57   270000
58   270000
59   270000
60   270000
61   270000
62   270000
63   270000
64   270000
65   270000
66   270000
67   270000
68   270000
69   270000
70   270000
71   270000
72   270000
73   270000
74   270000
75   270000
76   270000
77   270000
78   270000
79   270000
80   270000
81   270000
82   270000
83   270000
84   270000
85   270000
86   270000
87   270000
88   270000
89   270000
90   270000
91   270000
92   270000
93   270000
94   270000
95   270000
96   270000
97   270000
98   270000
99   270000
100   270000
101   270000
102   270000
103   270000
104   270000
105   270000
106   270000
107   270000
108   270000
109   270000
1   330000
2   330000
3   330000
4   330000
5   330000
6   330000
7   330000
8   330000
9   330000
10   330000
11   330000
12   330000
13   330000
14   330000
15   330000
16   330000
17   330000
18   330000
19   330000
20   330000
21   330000
22   330000
23   330000
24   330000
25   330000
26   330000
27   330000
28   330000
29   330000
30   330000
31   330000
32   330000
33   330000
34   330000
35   330000
36   330000
37   330000
38   330000
39   330000
40   330000
41   330000
42   330000
43   330000
44   330000
45   330000
46   330000
47   330000
48   330000
49   330000
50   330000
51   330000
52   330000
53   330000
54   330000
55   330000
56   330000
57   330000
58   330000
59   330000
60   330000
61   330000
62   330000
63   330000
64   330000
65   330000
66   330000
67   330000
68   330000
69   330000
70   330000
71   330000
72   330000
73   330000
74   330000
75   330000
76   330000
77   330000
78   330000
79   330000
80   330000
81   330000
82   330000
83   330000
84   330000
85   330000
86   330000
87   330000
88   330000
89   330000
90   330000
91   330000
92   330000
93   330000
94   330000
95   330000
96   330000
97   330000
98   330000
99   330000
100   330000
101   330000
102   330000
103   330000
104   330000
105   330000
106   330000
107   330000
108   330000
109   330000
1   390000
2   390000
3   390000
4   390000
5   390000
6   390000
7   390000
8   390000
9   390000
10   390000
11   390000
12   390000
13   390000
14   390000
15   390000
16   390000
17   390000
18   390000
19   390000
20   390000
21   390000
22   390000
23   390000
24   390000
25   390000
26   390000
27   390000
28   390000
29   390000
30   390000
31   390000
32   390000
33   390000
34   390000
35   390000
36   390000
37   390000
38   390000
39   390000
40   390000
41   390000
42   390000
43   390000
44   390000
45   390000
46   390000
47   390000
48   390000
49   390000
50   390000
51   390000
52   390000
53   390000
54   390000
55   390000
56   390000
57   390000
58   390000
59   390000
60   390000
61   390000
62   390000
63   390000
64   390000
65   390000
66   390000
67   390000
68   390000
69   390000
70   390000
71   390000
72   390000
73   390000
74   390000
75   390000
76   390000
77   390000
78   390000
79   390000
80   390000
81   390000
82   390000
83   390000
84   390000
85   390000
86   390000
87   390000
88   390000
89   390000
90   390000
91   390000
92   390000
93   390000
94   390000
95   390000
96   390000
97   390000
98   390000
99   390000
100   390000
101   390000
102   390000
103   390000
104   390000
105   390000
106   390000
107   390000
108   390000
109   390000
1   450000
2   450000
3   450000
4   450000
5   450000
6   450000
7   450000
8   450000
9   450000
10   450000
11   450000
12   450000
13   450000
14   450000
15   450000
16   450000
17   450000
18   450000
19   450000
20   450000
21   450000
22   450000
23   450000
24   450000
25   450000
26   450000
27   450000
28   450000
29   450000
30   450000
31   450000
32   450000
33   450000
34   450000
35   450000
36   450000
37   450000
38   450000
39   450000
40   450000
41   450000
42   450000
43   450000
44   450000
45   450000
46   450000
47   450000
48   450000
49   450000
50   450000
51   450000
52   450000
53   450000
54   450000
55   450000
56   450000
57   450000
58   450000
59   450000
60   450000
61   450000
62   450000
63   450000
64   450000
65   450000
66   450000
67   450000
68   450000
69   450000
70   450000
71   450000
72   450000
73   450000
74   450000
75   450000
76   450000
77   450000
78   450000
79   450000
80   450000
81   450000
82   450000
83   450000
84   450000
85   450000
86   450000
87   450000
88   450000
89   450000
90   450000
91   450000
92   450000
93   450000
94   450000
95   450000
96   450000
97   450000
98   450000
99   450000
100   450000
101   450000
102   450000
103   450000
104   450000
105   450000
106   450000
107   450000
108   450000
109   450000
1   510000
2   510000
3   510000
4   510000
5   510000
6   510000
7   510000
8   510000
9   510000
10   510000
11   510000
12   510000
13   510000
14   510000
15   510000
16   510000
17   510000
18   510000
19   510000
20   510000
21   510000
22   510000
23   510000
24   510000
25   510000
26   510000
27   510000
28   510000
29   510000
30   510000
31   510000
32   510000
33   510000
34   510000
35   510000
36   510000
37   510000
38   510000
39   510000
40   510000
41   510000
42   510000
43   510000
44   510000
45   510000
46   510000
47   510000
48   510000
49   510000
50   510000
51   510000
52   510000
53   510000
54   510000
55   510000
56   510000
57   510000
58   510000
59   510000
60   510000
61   510000
62   510000
63   510000
64   510000
65   510000
66   510000
67   510000
68   510000
69   510000
70   510000
71   510000
72   510000
73   510000
74   510000
75   510000
76   510000
77   510000
78   510000
79   510000
80   510000
81   510000
82   510000
83   510000
84   510000
85   510000
86   510000
87   510000
88   510000
89   510000
90   510000
91   510000
92   510000
93   510000
94   510000
95   510000
96   510000
97   510000
98   510000
99   510000
100   510000
101   510000
102   510000
103   510000
104   510000
105   510000
106   510000
107   510000
108   510000
109   510000
1   570000
2   570000
3   570000
4   570000
5   570000
6   570000
7   570000
8   570000
9   570000
10   570000
11   570000
12   570000
13   570000
14   570000
15   570000
16   570000
17   570000
18   570000
19   570000
20   570000
21   570000
22   570000
23   570000
24   570000
25   570000
26   570000
27   570000
28   570000
29   570000
30   570000
31   570000
32   570000
33   570000
34   570000
35   570000
36   570000
37   570000
38   570000
39   570000
40   570000
41   570000
42   570000
43   570000
44   570000
45   570000
46   570000
47   570000
48   570000
49   570000
50   570000
51   570000
52   570000
53   570000
54   570000
55   570000
56   570000
57   570000
58   570000
59   570000
60   570000
61   570000
62   570000
63   570000
64   570000
65   570000
66   570000
67   570000
68   570000
69   570000
70   570000
71   570000
72   570000
73   570000
74   570000
75   570000
76   570000
77   570000
78   570000
79   570000
80   570000
81   570000
82   570000
83   570000
84   570000
85   570000
86   570000
87   570000
88   570000
89   570000
90   570000
91   570000
92   570000
93   570000
94   570000
95   570000
96   570000
97   570000
98   570000
99   570000
100   570000
101   570000
102   570000
103   570000
104   570000
105   570000
106   570000
107   570000
108   570000
109   570000
1   630000
2   630000
3   630000
4   630000
5   630000
6   630000
7   630000
8   630000
9   630000
10   630000
11   630000
12   630000
13   630000
14   630000
15   630000
16   630000
17   630000
18   630000
19   630000
20   630000
21   630000
22   630000
23   630000
24   630000
25   630000
26   630000
27   630000
28   630000
29   630000
30   630000
31   630000
32   630000
33   630000
34   630000
35   630000
36   630000
37   630000
38   630000
39   630000
40   630000
41   630000
42   630000
43   630000
44   630000
45   630000
46   630000
47   630000
48   630000
49   630000
50   630000
51   630000
52   630000
53   630000
54   630000
55   630000
56   630000
57   630000
58   630000
59   630000
60   630000
61   630000
62   630000
63   630000
64   630000
65   630000
66   630000
67   630000
68   630000
69   630000
70   630000
71   630000
72   630000
73   630000
74   630000
75   630000
76   630000
77   630000
78   630000
79   630000
80   630000
81   630000
82   630000
83   630000
84   630000
85   630000
86   630000
87   630000
88   630000
89   630000
90   630000
91   630000
92   630000
93   630000
94   630000
95   630000
96   630000
97   630000
98   630000
99   630000
100   630000
101   630000
102   630000
103   630000
104   630000
105   630000
106   630000
107   630000
108   630000
109   630000
1   690000
2   690000
3   690000
4   690000
5   690000
6   690000
7   690000
8   690000
9   690000
10   690000
11   690000
12   690000
13   690000
14   690000
15   690000
16   690000
17   690000
18   690000
19   690000
20   690000
21   690000
22   690000
23   690000
24   690000
25   690000
26   690000
27   690000
28   690000
29   690000
30   690000
31   690000
32   690000
33   690000
34   690000
35   690000
36   690000
37   690000
38   690000
39   690000
40   690000
41   690000
42   690000
43   690000
44   690000
45   690000
46   690000
47   690000
48   690000
49   690000
50   690000
51   690000
52   690000
53   690000
54   690000
55   690000
56   690000
57   690000
58   690000
59   690000
60   690000
61   690000
62   690000
63   690000
64   690000
65   690000
66   690000
67   690000
68   690000
69   690000
70   690000
71   690000
72   690000
73   690000
74   690000
75   690000
76   690000
77   690000
78   690000
79   690000
80   690000
81   690000
82   690000
83   690000
84   690000
85   690000
86   690000
87   690000
88   690000
89   690000
90   690000
91   690000
92   690000
93   690000
94   690000
95   690000
96   690000
97   690000
98   690000
99   690000
100   690000
101   690000
102   690000
103   690000
104   690000
105   690000
106   690000
107   690000
108   690000
109   690000
1   750000
2   750000
3   750000
4   750000
5   750000
6   750000
7   750000
8   750000
9   750000
10   750000
11   750000
12   750000
13   750000
14   750000
15   750000
16   750000
17   750000
18   750000
19   750000
20   750000
21   750000
22   750000
23   750000
24   750000
25   750000
26   750000
27   750000
28   750000
29   750000
30   750000
31   750000
32   750000
33   750000
34   750000
35   750000
36   750000
37   750000
38   750000
39   750000
40   750000
41   750000
42   750000
43   750000
44   750000
45   750000
46   750000
47   750000
48   750000
49   750000
50   750000
51   750000
52   750000
53   750000
54   750000
55   750000
56   750000
57   750000
58   750000
59   750000
60   750000
61   750000
62   750000
63   750000
64   750000
65   750000
66   750000
67   750000
68   750000
69   750000
70   750000
71   750000
72   750000
73   750000
74   750000
75   750000
76   750000
77   750000
78   750000
79   750000
80   750000
81   750000
82   750000
83   750000
84   750000
85   750000
86   750000
87   750000
88   750000
89   750000
90   750000
91   750000
92   750000
93   750000
94   750000
95   750000
96   750000
97   750000
98   750000
99   750000
100   750000
101   750000
102   750000
103   750000
104   750000
105   750000
106   750000
107   750000
108   750000
109   750000
1   810000
2   810000
3   810000
4   810000
5   810000
6   810000
7   810000
8   810000
9   810000
10   810000
11   810000
12   810000
13   810000
14   810000
15   810000
16   810000
17   810000
18   810000
19   810000
20   810000
21   810000
22   810000
23   810000
24   810000
25   810000
26   810000
27   810000
28   810000
29   810000
30   810000
31   810000
32   810000
33   810000
34   810000
35   810000
36   810000
37   810000
38   810000
39   810000
40   810000
41   810000
42   810000
43   810000
44   810000
45   810000
46   810000
47   810000
48   810000
49   810000
50   810000
51   810000
52   810000
53   810000
54   810000
55   810000
56   810000
57   810000
58   810000
59   810000
60   810000
61   810000
62   810000
63   810000
64   810000
65   810000
66   810000
67   810000
68   810000
69   810000
70   810000
71   810000
72   810000
73   810000
74   810000
75   810000
76   810000
77   810000
78   810000
79   810000
80   810000
81   810000
82   810000
83   810000
84   810000
85   810000
86   810000
87   810000
88   810000
89   810000
90   810000
91   810000
92   810000
93   810000
94   810000
95   810000
96   810000
97   810000
98   810000
99   810000
100   810000
101   810000
102   810000
103   810000
104   810000
105   810000
106   810000
107   810000
108   810000
109   810000
1   870000
2   870000
3   870000
4   870000
5   870000
6   870000
7   870000
8   870000
9   870000
10   870000
11   870000
12   870000
13   870000
14   870000
15   870000
16   870000
17   870000
18   870000
19   870000
20   870000
21   870000
22   870000
23   870000
24   870000
25   870000
26   870000
27   870000
28   870000
29   870000
30   870000
31   870000
32   870000
33   870000
34   870000
35   870000
36   870000
37   870000
38   870000
39   870000
40   870000
41   870000
42   870000
43   870000
44   870000
45   870000
46   870000
47   870000
48   870000
49   870000
50   870000
51   870000
52   870000
53   870000
54   870000
55   870000
56   870000
57   870000
58   870000
59   870000
60   870000
61   870000
62   870000
63   870000
64   870000
65   870000
66   870000
67   870000
68   870000
69   870000
70   870000
71   870000
72   870000
73   870000
74   870000
75   870000
76   870000
77   870000
78   870000
79   870000
80   870000
81   870000
82   870000
83   870000
84   870000
85   870000
86   870000
87   870000
88   870000
89   870000
90   870000
91   870000
92   870000
93   870000
94   870000
95   870000
96   870000
97   870000
98   870000
99   870000
100   870000
101   870000
102   870000
103   870000
104   870000
105   870000
106   870000
107   870000
108   870000
109   870000
1   930000
2   930000
3   930000
4   930000
5   930000
6   930000
7   930000
8   930000
9   930000
10   930000
11   930000
12   930000
13   930000
14   930000
15   930000
16   930000
17   930000
18   930000
19   930000
20   930000
21   930000
22   930000
23   930000
24   930000
25   930000
26   930000
27   930000
28   930000
29   930000
30   930000
31   930000
32   930000
33   930000
34   930000
35   930000
36   930000
37   930000
38   930000
39   930000
40   930000
41   930000
42   930000
43   930000
44   930000
45   930000
46   930000
47   930000
48   930000
49   930000
50   930000
51   930000
52   930000
53   930000
54   930000
55   930000
56   930000
57   930000
58   930000
59   930000
60   930000
61   930000
62   930000
63   930000
64   930000
65   930000
66   930000
67   930000
68   930000
69   930000
70   930000
71   930000
72   930000
73   930000
74   930000
75   930000
76   930000
77   930000
78   930000
79   930000
80   930000
81   930000
82   930000
83   930000
84   930000
85   930000
86   930000
87   930000
88   930000
89   930000
90   930000
91   930000
92   930000
93   930000
94   930000
95   930000
96   930000
97   930000
98   930000
99   930000
100   930000
101   930000
102   930000
103   930000
104   930000
105   930000
106   930000
107   930000
108   930000
109   930000
1   990000
2   990000
3   990000
4   990000
5   990000
6   990000
7   990000
8   990000
9   990000
10   990000
11   990000
12   990000
13   990000
14   990000
15   990000
16   990000
17   990000
18   990000
19   990000
20   990000
21   990000
22   990000
23   990000
24   990000
25   990000
26   990000
27   990000
28   990000
29   990000
30   990000
31   990000
32   990000
33   990000
34   990000
35   990000
36   990000
37   990000
38   990000
39   990000
40   990000
41   990000
42   990000
43   990000
44   990000
45   990000
46   990000
47   990000
48   990000
49   990000
50   990000
51   990000
52   990000
53   990000
54   990000
55   990000
56   990000
57   990000
58   990000
59   990000
60   990000
61   990000
62   990000
63   990000
64   990000
65   990000
66   990000
67   990000
68   990000
69   990000
70   990000
71   990000
72   990000
73   990000
74   990000
75   990000
76   990000
77   990000
78   990000
79   990000
80   990000
81   990000
82   990000
83   990000
84   990000
85   990000
86   990000
87   990000
88   990000
89   990000
90   990000
91   990000
92   990000
93   990000
94   990000
95   990000
96   990000
97   990000
98   990000
99   990000
100   990000
101   990000
102   990000
103   990000
104   990000
105   990000
106   990000
107   990000
108   990000
109   990000
1   1050000
2   1050000
3   1050000
4   1050000
5   1050000
6   1050000
7   1050000
8   1050000
9   1050000
10   1050000
11   1050000
12   1050000
13   1050000
14   1050000
15   1050000
16   1050000
17   1050000
18   1050000
19   1050000
20   1050000
21   1050000
22   1050000
23   1050000
24   1050000
25   1050000
26   1050000
27   1050000
28   1050000
29   1050000
30   1050000
31   1050000
32   1050000
33   1050000
34   1050000
35   1050000
36   1050000
37   1050000
38   1050000
39   1050000
40   1050000
41   1050000
42   1050000
43   1050000
44   1050000
45   1050000
46   1050000
47   1050000
48   1050000
49   1050000
50   1050000
51   1050000
52   1050000
53   1050000
54   1050000
55   1050000
56   1050000
57   1050000
58   1050000
59   1050000
60   1050000
61   1050000
62   1050000
63   1050000
64   1050000
65   1050000
66   1050000
67   1050000
68   1050000
69   1050000
70   1050000
71   1050000
72   1050000
73   1050000
74   1050000
75   1050000
76   1050000
77   1050000
78   1050000
79   1050000
80   1050000
81   1050000
82   1050000
83   1050000
84   1050000
85   1050000
86   1050000
87   1050000
88   1050000
89   1050000
90   1050000
91   1050000
92   1050000
93   1050000
94   1050000
95   1050000
96   1050000
97   1050000
98   1050000
99   1050000
100   1050000
101   1050000
102   1050000
103   1050000
104   1050000
105   1050000
106   1050000
107   1050000
108   1050000
109   1050000
1   1110000
2   1110000
3   1110000
4   1110000
5   1110000
6   1110000
7   1110000
8   1110000
9   1110000
10   1110000
11   1110000
12   1110000
13   1110000
14   1110000
15   1110000
16   1110000
17   1110000
18   1110000
19   1110000
20   1110000
21   1110000
22   1110000
23   1110000
24   1110000
25   1110000
26   1110000
27   1110000
28   1110000
29   1110000
30   1110000
31   1110000
32   1110000
33   1110000
34   1110000
35   1110000
36   1110000
37   1110000
38   1110000
39   1110000
40   1110000
41   1110000
42   1110000
43   1110000
44   1110000
45   1110000
46   1110000
47   1110000
48   1110000
49   1110000
50   1110000
51   1110000
52   1110000
53   1110000
54   1110000
55   1110000
56   1110000
57   1110000
58   1110000
59   1110000
60   1110000
61   1110000
62   1110000
63   1110000
64   1110000
65   1110000
66   1110000
67   1110000
68   1110000
69   1110000
70   1110000
71   1110000
72   1110000
73   1110000
74   1110000
75   1110000
76   1110000
77   1110000
78   1110000
79   1110000
80   1110000
81   1110000
82   1110000
83   1110000
84   1110000
85   1110000
86   1110000
87   1110000
88   1110000
89   1110000
90   1110000
91   1110000
92   1110000
93   1110000
94   1110000
95   1110000
96   1110000
97   1110000
98   1110000
99   1110000
100   1110000
101   1110000
102   1110000
103   1110000
104   1110000
105   1110000
106   1110000
107   1110000
108   1110000
109   1110000
1   1170000
2   1170000
3   1170000
4   1170000
5   1170000
6   1170000
7   1170000
8   1170000
9   1170000
10   1170000
11   1170000
12   1170000
13   1170000
14   1170000
15   1170000
16   1170000
17   1170000
18   1170000
19   1170000
20   1170000
21   1170000
22   1170000
23   1170000
24   1170000
25   1170000
26   1170000
27   1170000
28   1170000
29   1170000
30   1170000
31   1170000
32   1170000
33   1170000
34   1170000
35   1170000
36   1170000
37   1170000
38   1170000
39   1170000
40   1170000
41   1170000
42   1170000
43   1170000
44   1170000
45   1170000
46   1170000
47   1170000
48   1170000
49   1170000
50   1170000
51   1170000
52   1170000
53   1170000
54   1170000
55   1170000
56   1170000
57   1170000
58   1170000
59   1170000
60   1170000
61   1170000
62   1170000
63   1170000
64   1170000
65   1170000
66   1170000
67   1170000
68   1170000
69   1170000
70   1170000
71   1170000
72   1170000
73   1170000
74   1170000
75   1170000
76   1170000
77   1170000
78   1170000
79   1170000
80   1170000
81   1170000
82   1170000
83   1170000
84   1170000
85   1170000
86   1170000
87   1170000
88   1170000
89   1170000
90   1170000
91   1170000
92   1170000
93   1170000
94   1170000
95   1170000
96   1170000
97   1170000
98   1170000
99   1170000
100   1170000
101   1170000
102   1170000
103   1170000
104   1170000
105   1170000
106   1170000
107   1170000
108   1170000
109   1170000
1   1230000
2   1230000
3   1230000
4   1230000
5   1230000
6   1230000
7   1230000
8   1230000
9   1230000
10   1230000
11   1230000
12   1230000
13   1230000
14   1230000
15   1230000
16   1230000
17   1230000
18   1230000
19   1230000
20   1230000
21   1230000
22   1230000
23   1230000
24   1230000
25   1230000
26   1230000
27   1230000
28   1230000
29   1230000
30   1230000
31   1230000
32   1230000
33   1230000
34   1230000
35   1230000
36   1230000
37   1230000
38   1230000
39   1230000
40   1230000
41   1230000
42   1230000
43   1230000
44   1230000
45   1230000
46   1230000
47   1230000
48   1230000
49   1230000
50   1230000
51   1230000
52   1230000
53   1230000
54   1230000
55   1230000
56   1230000
57   1230000
58   1230000
59   1230000
60   1230000
61   1230000
62   1230000
63   1230000
64   1230000
65   1230000
66   1230000
67   1230000
68   1230000
69   1230000
70   1230000
71   1230000
72   1230000
73   1230000
74   1230000
75   1230000
76   1230000
77   1230000
78   1230000
79   1230000
80   1230000
81   1230000
82   1230000
83   1230000
84   1230000
85   1230000
86   1230000
87   1230000
88   1230000
89   1230000
90   1230000
91   1230000
92   1230000
93   1230000
94   1230000
95   1230000
96   1230000
97   1230000
98   1230000
99   1230000
100   1230000
101   1230000
102   1230000
103   1230000
104   1230000
105   1230000
106   1230000
107   1230000
108   1230000
109   1230000
1   1290000
2   1290000
3   1290000
4   1290000
5   1290000
6   1290000
7   1290000
8   1290000
9   1290000
10   1290000
11   1290000
12   1290000
13   1290000
14   1290000
15   1290000
16   1290000
17   1290000
18   1290000
19   1290000
20   1290000
21   1290000
22   1290000
23   1290000
24   1290000
25   1290000
26   1290000
27   1290000
28   1290000
29   1290000
30   1290000
31   1290000
32   1290000
33   1290000
34   1290000
35   1290000
36   1290000
37   1290000
38   1290000
39   1290000
40   1290000
41   1290000
42   1290000
43   1290000
44   1290000
45   1290000
46   1290000
47   1290000
48   1290000
49   1290000
50   1290000
51   1290000
52   1290000
53   1290000
54   1290000
55   1290000
56   1290000
57   1290000
58   1290000
59   1290000
60   1290000
61   1290000
62   1290000
63   1290000
64   1290000
65   1290000
66   1290000
67   1290000
68   1290000
69   1290000
70   1290000
71   1290000
72   1290000
73   1290000
74   1290000
75   1290000
76   1290000
77   1290000
78   1290000
79   1290000
80   1290000
81   1290000
82   1290000
83   1290000
84   1290000
85   1290000
86   1290000
87   1290000
88   1290000
89   1290000
90   1290000
91   1290000
92   1290000
93   1290000
94   1290000
95   1290000
96   1290000
97   1290000
98   1290000
99   1290000
100   1290000
101   1290000
102   1290000
103   1290000
104   1290000
105   1290000
106   1290000
107   1290000
108   1290000
109   1290000
1   1350000
2   1350000
3   1350000
4   1350000
5   1350000
6   1350000
7   1350000
8   1350000
9   1350000
10   1350000
11   1350000
12   1350000
13   1350000
14   1350000
15   1350000
16   1350000
17   1350000
18   1350000
19   1350000
20   1350000
21   1350000
22   1350000
23   1350000
24   1350000
25   1350000
26   1350000
27   1350000
28   1350000
29   1350000
30   1350000
31   1350000
32   1350000
33   1350000
34   1350000
35   1350000
36   1350000
37   1350000
38   1350000
39   1350000
40   1350000
41   1350000
42   1350000
43   1350000
44   1350000
45   1350000
46   1350000
47   1350000
48   1350000
49   1350000
50   1350000
51   1350000
52   1350000
53   1350000
54   1350000
55   1350000
56   1350000
57   1350000
58   1350000
59   1350000
60   1350000
61   1350000
62   1350000
63   1350000
64   1350000
65   1350000
66   1350000
67   1350000
68   1350000
69   1350000
70   1350000
71   1350000
72   1350000
73   1350000
74   1350000
75   1350000
76   1350000
77   1350000
78   1350000
79   1350000
80   1350000
81   1350000
82   1350000
83   1350000
84   1350000
85   1350000
86   1350000
87   1350000
88   1350000
89   1350000
90   1350000
91   1350000
92   1350000
93   1350000
94   1350000
95   1350000
96   1350000
97   1350000
98   1350000
99   1350000
100   1350000
101   1350000
102   1350000
103   1350000
104   1350000
105   1350000
106   1350000
107   1350000
108   1350000
109   1350000
1   1410000
2   1410000
3   1410000
4   1410000
5   1410000
6   1410000
7   1410000
8   1410000
9   1410000
10   1410000
11   1410000
12   1410000
13   1410000
14   1410000
15   1410000
16   1410000
17   1410000
18   1410000
19   1410000
20   1410000
21   1410000
22   1410000
23   1410000
24   1410000
25   1410000
26   1410000
27   1410000
28   1410000
29   1410000
30   1410000
31   1410000
32   1410000
33   1410000
34   1410000
35   1410000
36   1410000
37   1410000
38   1410000
39   1410000
40   1410000
41   1410000
42   1410000
43   1410000
44   1410000
45   1410000
46   1410000
47   1410000
48   1410000
49   1410000
50   1410000
51   1410000
52   1410000
53   1410000
54   1410000
55   1410000
56   1410000
57   1410000
58   1410000
59   1410000
60   1410000
61   1410000
62   1410000
63   1410000
64   1410000
65   1410000
66   1410000
67   1410000
68   1410000
69   1410000
70   1410000
71   1410000
72   1410000
73   1410000
74   1410000
75   1410000
76   1410000
77   1410000
78   1410000
79   1410000
80   1410000
81   1410000
82   1410000
83   1410000
84   1410000
85   1410000
86   1410000
87   1410000
88   1410000
89   1410000
90   1410000
91   1410000
92   1410000
93   1410000
94   1410000
95   1410000
96   1410000
97   1410000
98   1410000
99   1410000
100   1410000
101   1410000
102   1410000
103   1410000
104   1410000
105   1410000
106   1410000
107   1410000
108   1410000
109   1410000
1   1470000
2   1470000
3   1470000
4   1470000
5   1470000
6   1470000
7   1470000
8   1470000
9   1470000
10   1470000
11   1470000
12   1470000
13   1470000
14   1470000
15   1470000
16   1470000
17   1470000
18   1470000
19   1470000
20   1470000
21   1470000
22   1470000
23   1470000
24   1470000
25   1470000
26   1470000
27   1470000
28   1470000
29   1470000
30   1470000
31   1470000
32   1470000
33   1470000
34   1470000
35   1470000
36   1470000
37   1470000
38   1470000
39   1470000
40   1470000
41   1470000
42   1470000
43   1470000
44   1470000
45   1470000
46   1470000
47   1470000
48   1470000
49   1470000
50   1470000
51   1470000
52   1470000
53   1470000
54   1470000
55   1470000
56   1470000
57   1470000
58   1470000
59   1470000
60   1470000
61   1470000
62   1470000
63   1470000
64   1470000
65   1470000
66   1470000
67   1470000
68   1470000
69   1470000
70   1470000
71   1470000
72   1470000
73   1470000
74   1470000
75   1470000
76   1470000
77   1470000
78   1470000
79   1470000
80   1470000
81   1470000
82   1470000
83   1470000
84   1470000
85   1470000
86   1470000
87   1470000
88   1470000
89   1470000
90   1470000
91   1470000
92   1470000
93   1470000
94   1470000
95   1470000
96   1470000
97   1470000
98   1470000
99   1470000
100   1470000
101   1470000
102   1470000
103   1470000
104   1470000
105   1470000
106   1470000
107   1470000
108   1470000
109   1470000
1   1530000
2   1530000
3   1530000
4   1530000
5   1530000
6   1530000
7   1530000
8   1530000
9   1530000
10   1530000
11   1530000
12   1530000
13   1530000
14   1530000
15   1530000
16   1530000
17   1530000
18   1530000
19   1530000
20   1530000
21   1530000
22   1530000
23   1530000
24   1530000
25   1530000
26   1530000
27   1530000
28   1530000
29   1530000
30   1530000
31   1530000
32   1530000
33   1530000
34   1530000
35   1530000
36   1530000
37   1530000
38   1530000
39   1530000
40   1530000
41   1530000
42   1530000
43   1530000
44   1530000
45   1530000
46   1530000
47   1530000
48   1530000
49   1530000
50   1530000
51   1530000
52   1530000
53   1530000
54   1530000
55   1530000
56   1530000
57   1530000
58   1530000
59   1530000
60   1530000
61   1530000
62   1530000
63   1530000
64   1530000
65   1530000
66   1530000
67   1530000
68   1530000
69   1530000
70   1530000
71   1530000
72   1530000
73   1530000
74   1530000
75   1530000
76   1530000
77   1530000
78   1530000
79   1530000
80   1530000
81   1530000
82   1530000
83   1530000
84   1530000
85   1530000
86   1530000
87   1530000
88   1530000
89   1530000
90   1530000
91   1530000
92   1530000
93   1530000
94   1530000
95   1530000
96   1530000
97   1530000
98   1530000
99   1530000
100   1530000
101   1530000
102   1530000
103   1530000
104   1530000
105   1530000
106   1530000
107   1530000
108   1530000
109   1530000
1   1590000
2   1590000
3   1590000
4   1590000
5   1590000
6   1590000
7   1590000
8   1590000
9   1590000
10   1590000
11   1590000
12   1590000
13   1590000
14   1590000
15   1590000
16   1590000
17   1590000
18   1590000
19   1590000
20   1590000
21   1590000
22   1590000
23   1590000
24   1590000
25   1590000
26   1590000
27   1590000
28   1590000
29   1590000
30   1590000
31   1590000
32   1590000
33   1590000
34   1590000
35   1590000
36   1590000
37   1590000
38   1590000
39   1590000
40   1590000
41   1590000
42   1590000
43   1590000
44   1590000
45   1590000
46   1590000
47   1590000
48   1590000
49   1590000
50   1590000
51   1590000
52   1590000
53   1590000
54   1590000
55   1590000
56   1590000
57   1590000
58   1590000
59   1590000
60   1590000
61   1590000
62   1590000
63   1590000
64   1590000
65   1590000
66   1590000
67   1590000
68   1590000
69   1590000
70   1590000
71   1590000
72   1590000
73   1590000
74   1590000
75   1590000
76   1590000
77   1590000
78   1590000
79   1590000
80   1590000
81   1590000
82   1590000
83   1590000
84   1590000
85   1590000
86   1590000
87   1590000
88   1590000
89   1590000
90   1590000
91   1590000
92   1590000
93   1590000
94   1590000
95   1590000
96   1590000
97   1590000
98   1590000
99   1590000
100   1590000
101   1590000
102   1590000
103   1590000
104   1590000
105   1590000
106   1590000
107   1590000
108   1590000
109   1590000
1   1650000
2   1650000
3   1650000
4   1650000
5   1650000
6   1650000
7   1650000
8   1650000
9   1650000
10   1650000
11   1650000
12   1650000
13   1650000
14   1650000
15   1650000
16   1650000
17   1650000
18   1650000
19   1650000
20   1650000
21   1650000
22   1650000
23   1650000
24   1650000
25   1650000
26   1650000
27   1650000
28   1650000
29   1650000
30   1650000
31   1650000
32   1650000
33   1650000
34   1650000
35   1650000
36   1650000
37   1650000
38   1650000
39   1650000
40   1650000
41   1650000
42   1650000
43   1650000
44   1650000
45   1650000
46   1650000
47   1650000
48   1650000
49   1650000
50   1650000
51   1650000
52   1650000
53   1650000
54   1650000
55   1650000
56   1650000
57   1650000
58   1650000
59   1650000
60   1650000
61   1650000
62   1650000
63   1650000
64   1650000
65   1650000
66   1650000
67   1650000
68   1650000
69   1650000
70   1650000
71   1650000
72   1650000
73   1650000
74   1650000
75   1650000
76   1650000
77   1650000
78   1650000
79   1650000
80   1650000
81   1650000
82   1650000
83   1650000
84   1650000
85   1650000
86   1650000
87   1650000
88   1650000
89   1650000
90   1650000
91   1650000
92   1650000
93   1650000
94   1650000
95   1650000
96   1650000
97   1650000
98   1650000
99   1650000
100   1650000
101   1650000
102   1650000
103   1650000
104   1650000
105   1650000
106   1650000
107   1650000
108   1650000
109   1650000
1   1710000
2   1710000
3   1710000
4   1710000
5   1710000
6   1710000
7   1710000
8   1710000
9   1710000
10   1710000
11   1710000
12   1710000
13   1710000
14   1710000
15   1710000
16   1710000
17   1710000
18   1710000
19   1710000
20   1710000
21   1710000
22   1710000
23   1710000
24   1710000
25   1710000
26   1710000
27   1710000
28   1710000
29   1710000
30   1710000
31   1710000
32   1710000
33   1710000
34   1710000
35   1710000
36   1710000
37   1710000
38   1710000
39   1710000
40   1710000
41   1710000
42   1710000
43   1710000
44   1710000
45   1710000
46   1710000
47   1710000
48   1710000
49   1710000
50   1710000
51   1710000
52   1710000
53   1710000
54   1710000
55   1710000
56   1710000
57   1710000
58   1710000
59   1710000
60   1710000
61   1710000
62   1710000
63   1710000
64   1710000
65   1710000
66   1710000
67   1710000
68   1710000
69   1710000
70   1710000
71   1710000
72   1710000
73   1710000
74   1710000
75   1710000
76   1710000
77   1710000
78   1710000
79   1710000
80   1710000
81   1710000
82   1710000
83   1710000
84   1710000
85   1710000
86   1710000
87   1710000
88   1710000
89   1710000
90   1710000
91   1710000
92   1710000
93   1710000
94   1710000
95   1710000
96   1710000
97   1710000
98   1710000
99   1710000
100   1710000
101   1710000
102   1710000
103   1710000
104   1710000
105   1710000
106   1710000
107   1710000
108   1710000
109   1710000
1   1770000
2   1770000
3   1770000
4   1770000
5   1770000
6   1770000
7   1770000
8   1770000
9   1770000
10   1770000
11   1770000
12   1770000
13   1770000
14   1770000
15   1770000
16   1770000
17   1770000
18   1770000
19   1770000
20   1770000
21   1770000
22   1770000
23   1770000
24   1770000
25   1770000
26   1770000
27   1770000
28   1770000
29   1770000
30   1770000
31   1770000
32   1770000
33   1770000
34   1770000
35   1770000
36   1770000
37   1770000
38   1770000
39   1770000
40   1770000
41   1770000
42   1770000
43   1770000
44   1770000
45   1770000
46   1770000
47   1770000
48   1770000
49   1770000
50   1770000
51   1770000
52   1770000
53   1770000
54   1770000
55   1770000
56   1770000
57   1770000
58   1770000
59   1770000
60   1770000
61   1770000
62   1770000
63   1770000
64   1770000
65   1770000
66   1770000
67   1770000
68   1770000
69   1770000
70   1770000
71   1770000
72   1770000
73   1770000
74   1770000
75   1770000
76   1770000
77   1770000
78   1770000
79   1770000
80   1770000
81   1770000
82   1770000
83   1770000
84   1770000
85   1770000
86   1770000
87   1770000
88   1770000
89   1770000
90   1770000
91   1770000
92   1770000
93   1770000
94   1770000
95   1770000
96   1770000
97   1770000
98   1770000
99   1770000
100   1770000
101   1770000
102   1770000
103   1770000
104   1770000
105   1770000
106   1770000
107   1770000
108   1770000
109   1770000
1   1830000
2   1830000
3   1830000
4   1830000
5   1830000
6   1830000
7   1830000
8   1830000
9   1830000
10   1830000
11   1830000
12   1830000
13   1830000
14   1830000
15   1830000
16   1830000
17   1830000
18   1830000
19   1830000
20   1830000
21   1830000
22   1830000
23   1830000
24   1830000
25   1830000
26   1830000
27   1830000
28   1830000
29   1830000
30   1830000
31   1830000
32   1830000
33   1830000
34   1830000
35   1830000
36   1830000
37   1830000
38   1830000
39   1830000
40   1830000
41   1830000
42   1830000
43   1830000
44   1830000
45   1830000
46   1830000
47   1830000
48   1830000
49   1830000
50   1830000
51   1830000
52   1830000
53   1830000
54   1830000
55   1830000
56   1830000
57   1830000
58   1830000
59   1830000
60   1830000
61   1830000
62   1830000
63   1830000
64   1830000
65   1830000
66   1830000
67   1830000
68   1830000
69   1830000
70   1830000
71   1830000
72   1830000
73   1830000
74   1830000
75   1830000
76   1830000
77   1830000
78   1830000
79   1830000
80   1830000
81   1830000
82   1830000
83   1830000
84   1830000
85   1830000
86   1830000
87   1830000
88   1830000
89   1830000
90   1830000
91   1830000
92   1830000
93   1830000
94   1830000
95   1830000
96   1830000
97   1830000
98   1830000
99   1830000
100   1830000
101   1830000
102   1830000
103   1830000
104   1830000
105   1830000
106   1830000
107   1830000
108   1830000
109   1830000
1   1890000
2   1890000
3   1890000
4   1890000
5   1890000
6   1890000
7   1890000
8   1890000
9   1890000
10   1890000
11   1890000
12   1890000
13   1890000
14   1890000
15   1890000
16   1890000
17   1890000
18   1890000
19   1890000
20   1890000
21   1890000
22   1890000
23   1890000
24   1890000
25   1890000
26   1890000
27   1890000
28   1890000
29   1890000
30   1890000
31   1890000
32   1890000
33   1890000
34   1890000
35   1890000
36   1890000
37   1890000
38   1890000
39   1890000
40   1890000
41   1890000
42   1890000
43   1890000
44   1890000
45   1890000
46   1890000
47   1890000
48   1890000
49   1890000
50   1890000
51   1890000
52   1890000
53   1890000
54   1890000
55   1890000
56   1890000
57   1890000
58   1890000
59   1890000
60   1890000
61   1890000
62   1890000
63   1890000
64   1890000
65   1890000
66   1890000
67   1890000
68   1890000
69   1890000
70   1890000
71   1890000
72   1890000
73   1890000
74   1890000
75   1890000
76   1890000
77   1890000
78   1890000
79   1890000
80   1890000
81   1890000
82   1890000
83   1890000
84   1890000
85   1890000
86   1890000
87   1890000
88   1890000
89   1890000
90   1890000
91   1890000
92   1890000
93   1890000
94   1890000
95   1890000
96   1890000
97   1890000
98   1890000
99   1890000
100   1890000
101   1890000
102   1890000
103   1890000
104   1890000
105   1890000
106   1890000
107   1890000
108   1890000
109   1890000
1   1950000
2   1950000
3   1950000
4   1950000
5   1950000
6   1950000
7   1950000
8   1950000
9   1950000
10   1950000
11   1950000
12   1950000
13   1950000
14   1950000
15   1950000
16   1950000
17   1950000
18   1950000
19   1950000
20   1950000
21   1950000
22   1950000
23   1950000
24   1950000
25   1950000
26   1950000
27   1950000
28   1950000
29   1950000
30   1950000
31   1950000
32   1950000
33   1950000
34   1950000
35   1950000
36   1950000
37   1950000
38   1950000
39   1950000
40   1950000
41   1950000
42   1950000
43   1950000
44   1950000
45   1950000
46   1950000
47   1950000
48   1950000
49   1950000
50   1950000
51   1950000
52   1950000
53   1950000
54   1950000
55   1950000
56   1950000
57   1950000
58   1950000
59   1950000
60   1950000
61   1950000
62   1950000
63   1950000
64   1950000
65   1950000
66   1950000
67   1950000
68   1950000
69   1950000
70   1950000
71   1950000
72   1950000
73   1950000
74   1950000
75   1950000
76   1950000
77   1950000
78   1950000
79   1950000
80   1950000
81   1950000
82   1950000
83   1950000
84   1950000
85   1950000
86   1950000
87   1950000
88   1950000
89   1950000
90   1950000
91   1950000
92   1950000
93   1950000
94   1950000
95   1950000
96   1950000
97   1950000
98   1950000
99   1950000
100   1950000
101   1950000
102   1950000
103   1950000
104   1950000
105   1950000
106   1950000
107   1950000
108   1950000
109   1950000
1   2010000
2   2010000
3   2010000
4   2010000
5   2010000
6   2010000
7   2010000
8   2010000
9   2010000
10   2010000
11   2010000
12   2010000
13   2010000
14   2010000
15   2010000
16   2010000
17   2010000
18   2010000
19   2010000
20   2010000
21   2010000
22   2010000
23   2010000
24   2010000
25   2010000
26   2010000
27   2010000
28   2010000
29   2010000
30   2010000
31   2010000
32   2010000
33   2010000
34   2010000
35   2010000
36   2010000
37   2010000
38   2010000
39   2010000
40   2010000
41   2010000
42   2010000
43   2010000
44   2010000
45   2010000
46   2010000
47   2010000
48   2010000
49   2010000
50   2010000
51   2010000
52   2010000
53   2010000
54   2010000
55   2010000
56   2010000
57   2010000
58   2010000
59   2010000
60   2010000
61   2010000
62   2010000
63   2010000
64   2010000
65   2010000
66   2010000
67   2010000
68   2010000
69   2010000
70   2010000
71   2010000
72   2010000
73   2010000
74   2010000
75   2010000
76   2010000
77   2010000
78   2010000
79   2010000
80   2010000
81   2010000
82   2010000
83   2010000
84   2010000
85   2010000
86   2010000
87   2010000
88   2010000
89   2010000
90   2010000
91   2010000
92   2010000
93   2010000
94   2010000
95   2010000
96   2010000
97   2010000
98   2010000
99   2010000
100   2010000
101   2010000
102   2010000
103   2010000
104   2010000
105   2010000
106   2010000
107   2010000
108   2010000
109   2010000
1   2070000
2   2070000
3   2070000
4   2070000
5   2070000
6   2070000
7   2070000
8   2070000
9   2070000
10   2070000
11   2070000
12   2070000
13   2070000
14   2070000
15   2070000
16   2070000
17   2070000
18   2070000
19   2070000
20   2070000
21   2070000
22   2070000
23   2070000
24   2070000
25   2070000
26   2070000
27   2070000
28   2070000
29   2070000
30   2070000
31   2070000
32   2070000
33   2070000
34   2070000
35   2070000
36   2070000
37   2070000
38   2070000
39   2070000
40   2070000
41   2070000
42   2070000
43   2070000
44   2070000
45   2070000
46   2070000
47   2070000
48   2070000
49   2070000
50   2070000
51   2070000
52   2070000
53   2070000
54   2070000
55   2070000
56   2070000
57   2070000
58   2070000
59   2070000
60   2070000
61   2070000
62   2070000
63   2070000
64   2070000
65   2070000
66   2070000
67   2070000
68   2070000
69   2070000
70   2070000
71   2070000
72   2070000
73   2070000
74   2070000
75   2070000
76   2070000
77   2070000
78   2070000
79   2070000
80   2070000
81   2070000
82   2070000
83   2070000
84   2070000
85   2070000
86   2070000
87   2070000
88   2070000
89   2070000
90   2070000
91   2070000
92   2070000
93   2070000
94   2070000
95   2070000
96   2070000
97   2070000
98   2070000
99   2070000
100   2070000
101   2070000
102   2070000
103   2070000
104   2070000
105   2070000
106   2070000
107   2070000
108   2070000
109   2070000
1   2130000
2   2130000
3   2130000
4   2130000
5   2130000
6   2130000
7   2130000
8   2130000
9   2130000
10   2130000
11   2130000
12   2130000
13   2130000
14   2130000
15   2130000
16   2130000
17   2130000
18   2130000
19   2130000
20   2130000
21   2130000
22   2130000
23   2130000
24   2130000
25   2130000
26   2130000
27   2130000
28   2130000
29   2130000
30   2130000
31   2130000
32   2130000
33   2130000
34   2130000
35   2130000
36   2130000
37   2130000
38   2130000
39   2130000
40   2130000
41   2130000
42   2130000
43   2130000
44   2130000
45   2130000
46   2130000
47   2130000
48   2130000
49   2130000
50   2130000
51   2130000
52   2130000
53   2130000
54   2130000
55   2130000
56   2130000
57   2130000
58   2130000
59   2130000
60   2130000
61   2130000
62   2130000
63   2130000
64   2130000
65   2130000
66   2130000
67   2130000
68   2130000
69   2130000
70   2130000
71   2130000
72   2130000
73   2130000
74   2130000
75   2130000
76   2130000
77   2130000
78   2130000
79   2130000
80   2130000
81   2130000
82   2130000
83   2130000
84   2130000
85   2130000
86   2130000
87   2130000
88   2130000
89   2130000
90   2130000
91   2130000
92   2130000
93   2130000
94   2130000
95   2130000
96   2130000
97   2130000
98   2130000
99   2130000
100   2130000
101   2130000
102   2130000
103   2130000
104   2130000
105   2130000
106   2130000
107   2130000
108   2130000
109   2130000
1   2190000
2   2190000
3   2190000
4   2190000
5   2190000
6   2190000
7   2190000
8   2190000
9   2190000
10   2190000
11   2190000
12   2190000
13   2190000
14   2190000
15   2190000
16   2190000
17   2190000
18   2190000
19   2190000
20   2190000
21   2190000
22   2190000
23   2190000
24   2190000
25   2190000
26   2190000
27   2190000
28   2190000
29   2190000
30   2190000
31   2190000
32   2190000
33   2190000
34   2190000
35   2190000
36   2190000
37   2190000
38   2190000
39   2190000
40   2190000
41   2190000
42   2190000
43   2190000
44   2190000
45   2190000
46   2190000
47   2190000
48   2190000
49   2190000
50   2190000
51   2190000
52   2190000
53   2190000
54   2190000
55   2190000
56   2190000
57   2190000
58   2190000
59   2190000
60   2190000
61   2190000
62   2190000
63   2190000
64   2190000
65   2190000
66   2190000
67   2190000
68   2190000
69   2190000
70   2190000
71   2190000
72   2190000
73   2190000
74   2190000
75   2190000
76   2190000
77   2190000
78   2190000
79   2190000
80   2190000
81   2190000
82   2190000
83   2190000
84   2190000
85   2190000
86   2190000
87   2190000
88   2190000
89   2190000
90   2190000
91   2190000
92   2190000
93   2190000
94   2190000
95   2190000
96   2190000
97   2190000
98   2190000
99   2190000
100   2190000
101   2190000
102   2190000
103   2190000
104   2190000
105   2190000
106   2190000
107   2190000
108   2190000
109   2190000
1   2250000
2   2250000
3   2250000
4   2250000
5   2250000
6   2250000
7   2250000
8   2250000
9   2250000
10   2250000
11   2250000
12   2250000
13   2250000
14   2250000
15   2250000
16   2250000
17   2250000
18   2250000
19   2250000
20   2250000
21   2250000
22   2250000
23   2250000
24   2250000
25   2250000
26   2250000
27   2250000
28   2250000
29   2250000
30   2250000
31   2250000
32   2250000
33   2250000
34   2250000
35   2250000
36   2250000
37   2250000
38   2250000
39   2250000
40   2250000
41   2250000
42   2250000
43   2250000
44   2250000
45   2250000
46   2250000
47   2250000
48   2250000
49   2250000
50   2250000
51   2250000
52   2250000
53   2250000
54   2250000
55   2250000
56   2250000
57   2250000
58   2250000
59   2250000
60   2250000
61   2250000
62   2250000
63   2250000
64   2250000
65   2250000
66   2250000
67   2250000
68   2250000
69   2250000
70   2250000
71   2250000
72   2250000
73   2250000
74   2250000
75   2250000
76   2250000
77   2250000
78   2250000
79   2250000
80   2250000
81   2250000
82   2250000
83   2250000
84   2250000
85   2250000
86   2250000
87   2250000
88   2250000
89   2250000
90   2250000
91   2250000
92   2250000
93   2250000
94   2250000
95   2250000
96   2250000
97   2250000
98   2250000
99   2250000
100   2250000
101   2250000
102   2250000
103   2250000
104   2250000
105   2250000
106   2250000
107   2250000
108   2250000
109   2250000
1   2310000
2   2310000
3   2310000
4   2310000
5   2310000
6   2310000
7   2310000
8   2310000
9   2310000
10   2310000
11   2310000
12   2310000
13   2310000
14   2310000
15   2310000
16   2310000
17   2310000
18   2310000
19   2310000
20   2310000
21   2310000
22   2310000
23   2310000
24   2310000
25   2310000
26   2310000
27   2310000
28   2310000
29   2310000
30   2310000
31   2310000
32   2310000
33   2310000
34   2310000
35   2310000
36   2310000
37   2310000
38   2310000
39   2310000
40   2310000
41   2310000
42   2310000
43   2310000
44   2310000
45   2310000
46   2310000
47   2310000
48   2310000
49   2310000
50   2310000
51   2310000
52   2310000
53   2310000
54   2310000
55   2310000
56   2310000
57   2310000
58   2310000
59   2310000
60   2310000
61   2310000
62   2310000
63   2310000
64   2310000
65   2310000
66   2310000
67   2310000
68   2310000
69   2310000
70   2310000
71   2310000
72   2310000
73   2310000
74   2310000
75   2310000
76   2310000
77   2310000
78   2310000
79   2310000
80   2310000
81   2310000
82   2310000
83   2310000
84   2310000
85   2310000
86   2310000
87   2310000
88   2310000
89   2310000
90   2310000
91   2310000
92   2310000
93   2310000
94   2310000
95   2310000
96   2310000
97   2310000
98   2310000
99   2310000
100   2310000
101   2310000
102   2310000
103   2310000
104   2310000
105   2310000
106   2310000
107   2310000
108   2310000
109   2310000
1   2369000
2   2369000
3   2369000
4   2369000
5   2369000
6   2369000
7   2369000
8   2369000
9   2369000
10   2369000
11   2369000
12   2369000
13   2369000
14   2369000
15   2369000
16   2369000
17   2369000
18   2369000
19   2369000
20   2369000
21   2369000
22   2369000
23   2369000
24   2369000
25   2369000
26   2369000
27   2369000
28   2369000
29   2369000
30   2369000
31   2369000
32   2369000
33   2369000
34   2369000
35   2369000
36   2369000
37   2369000
38   2369000
39   2369000
40   2369000
41   2369000
42   2369000
43   2369000
44   2369000
45   2369000
46   2369000
47   2369000
48   2369000
49   2369000
50   2369000
51   2369000
52   2369000
53   2369000
54   2369000
55   2369000
56   2369000
57   2369000
58   2369000
59   2369000
60   2369000
61   2369000
62   2369000
63   2369000
64   2369000
65   2369000
66   2369000
67   2369000
68   2369000
69   2369000
70   2369000
71   2369000
72   2369000
73   2369000
74   2369000
75   2369000
76   2369000
77   2369000
78   2369000
79   2369000
80   2369000
81   2369000
82   2369000
83   2369000
84   2369000
85   2369000
86   2369000
87   2369000
88   2369000
89   2369000
90   2369000
91   2369000
92   2369000
93   2369000
94   2369000
95   2369000
96   2369000
97   2369000
98   2369000
99   2369000
100   2369000
101   2369000
102   2369000
103   2369000
104   2369000
105   2369000
106   2369000
107   2369000
108   2369000
109   2369000
